58
85
54
13
37
89
75
43
88
2
69
24
80
33
33
70
46
35
96
32
51
55
57
32
97
31
79
18
93
65
85
93
73
41
54
81
15
66
68
87
80
54
41
96
82
88
67
97
64
39
71
75
33
28
99
80
97
88
81
86
73
34
60
95
26
64
81
95
3
83
95
12
48
98
2
88
19
49
31
72
80
72
12
91
99
76
80
30
11
80
51
40
25
45
52
44
93
72
23
73
29
28
70
94
75
48
63
60
77
14
60
38
95
37
8
8
25
52
57
34
57
28
14
37
21
9
15
28
77
34
64
84
18
78
90
54
41
49
61
41
32
78
3
7
57
47
12
24
68
33
20
64
97
42
29
95
50
20
8
82
19
50
6
60
43
36
9
20
73
47
83
45
24
58
85
20
6
39
32
17
84
28
73
9
46
13
58
76
77
54
50
64
77
72
5
92
25
---